<?xml version="1.0" encoding="utf-8"?>
<COLLADA xmlns="http://www.collada.org/2005/11/COLLADASchema" version="1.4.1" xmlns:xsi="http://www.w3.org/2001/XMLSchema-instance">
  <asset>
    <contributor>
      <author>Blender User</author>
      <authoring_tool>Blender 2.79.0 commit date:2018-03-22, commit time:14:10, hash:f4dc9f9d68b</authoring_tool>
    </contributor>
    <created>2019-03-28T12:22:50</created>
    <modified>2019-03-28T12:22:50</modified>
    <unit name="inch" meter="0.0254"/>
    <up_axis>Z_UP</up_axis>
  </asset>
  <library_images/>
  <library_controllers/>
  <library_visual_scenes>
    <visual_scene id="Scene" name="Scene">
      <node id="Armature_001" name="Armature_001" type="NODE">
        <matrix sid="transform">1 0 0 0 0 1 0 0 0 0 1 0 0 0 0 1</matrix>
        <node id="Armature_001_hip" name="hip" sid="hip" type="JOINT">
          <matrix sid="transform">1 1.88294e-13 4.45839e-7 0 4.42032e-7 -0.1304008 -0.9914613 0.01808885 5.81376e-8 0.9914613 -0.1304007 2.193881 0 0 0 1</matrix>
          <node id="Armature_001_spine" name="spine" sid="spine" type="JOINT">
            <matrix sid="transform">1 -1.21251e-7 -1.95052e-7 -1.15109e-8 6.36346e-8 0.962308 -0.2719616 0.1862912 2.20675e-7 0.2719616 0.9623081 0.02581859 0 0 0 1</matrix>
            <node id="Armature_001_spine1" name="spine1" sid="spine1" type="JOINT">
              <matrix sid="transform">1 8.20013e-8 8.683e-8 1.42109e-14 -1.07231e-7 0.9365781 0.350459 0.1898694 -5.2585e-8 -0.350459 0.936578 -5.96046e-8 0 0 0 1</matrix>
              <node id="Armature_001_chest" name="chest" sid="chest" type="JOINT">
                <matrix sid="transform">1 9.87754e-8 5.94154e-8 -2.66454e-15 -1.12668e-7 0.9464592 0.3228239 0.2606301 -2.43472e-8 -0.3228238 0.9464591 5.58794e-9 0 0 0 1</matrix>
                <node id="Armature_001_shoulder_L" name="shoulder_L" sid="shoulder_L" type="JOINT">
                  <matrix sid="transform">0.287643 0.9577374 4.47035e-8 0.06797589 0.9202884 -0.2763955 0.2769013 0.722307 0.2651988 -0.0796486 -0.9608984 0.02024782 0 0 0 1</matrix>
                  <node id="Armature_001_arm_L" name="arm_L" sid="arm_L" type="JOINT">
                    <matrix sid="transform">0.5985861 -0.8010551 -0.002350439 2.38419e-7 0.8010502 0.5985907 -0.00282981 0.3783833 0.003673784 -1.88935e-4 0.9999933 3.72529e-9 0 0 0 1</matrix>
                    <node id="Armature_001_forearm_L" name="forearm_L" sid="forearm_L" type="JOINT">
                      <matrix sid="transform">0.9157949 0.09665164 -0.3898437 0 0.0568424 0.929657 0.3640146 0.5925403 0.3976035 -0.3555225 0.8458812 3.72529e-9 0 0 0 1</matrix>
                      <node id="Armature_001_hand_L" name="hand_L" sid="hand_L" type="JOINT">
                        <matrix sid="transform">0.916013 -0.2099293 0.3418331 0 0.2868796 0.9384403 -0.1924313 0.6158148 -0.2803931 0.2743343 0.9198479 0 0 0 0 1</matrix>
                        <node id="Armature_001_finger_L" name="finger_L" sid="finger_L" type="JOINT">
                          <matrix sid="transform">0.3113957 -0.9498355 0.02907488 1.19209e-7 0.942258 0.304655 -0.1390501 0.2098624 0.1232169 0.07069563 0.9898586 0 0 0 0 1</matrix>
                          <node id="Armature_001_fingertip_L" name="fingertip_L" sid="fingertip_L" type="JOINT">
                            <matrix sid="transform">0.3331462 -0.9422058 0.03551856 -2.38419e-7 0.9422666 0.334048 0.02334796 0.1049314 -0.0338635 0.02568968 0.9990963 0 0 0 0 1</matrix>
                            <extra>
                              <technique profile="blender">
                                <layer sid="layer" type="string">0</layer>
                                <roll sid="roll" type="float">2.412628</roll>
                                <tip_x sid="tip_x" type="float">0</tip_x>
                                <tip_y sid="tip_y" type="float">0.0883612</tip_y>
                                <tip_z sid="tip_z" type="float">0</tip_z>
                              </technique>
                            </extra>
                          </node>
                          <extra>
                            <technique profile="blender">
                              <layer sid="layer" type="string">0</layer>
                              <roll sid="roll" type="float">1.166866</roll>
                              <tip_x sid="tip_x" type="float">0</tip_x>
                              <tip_y sid="tip_y" type="float">0.0883612</tip_y>
                              <tip_z sid="tip_z" type="float">0</tip_z>
                            </technique>
                          </extra>
                        </node>
                        <node id="Armature_001_shield" name="shield" sid="shield" type="JOINT">
                          <matrix sid="transform">0.0202771 -0.998822 0.0440871 0.09742856 -0.1121726 -0.04609057 -0.9926192 0.1460423 0.993482 0.01518211 -0.1129751 0.005743802 0 0 0 1</matrix>
                          <node id="Armature_001_prop-shield" name="prop-shield" sid="prop-shield" type="JOINT">
                            <matrix sid="transform">0.9999999 0 6.11879e-7 -1.19209e-7 1.74606e-9 1 -2.43968e-11 0 -7.18981e-7 0 0.9999999 -2.38419e-7 0 0 0 1</matrix>
                            <extra>
                              <technique profile="blender">
                                <layer sid="layer" type="string">0</layer>
                                <roll sid="roll" type="float">-0.0139715</roll>
                                <tip_x sid="tip_x" type="float">0</tip_x>
                                <tip_y sid="tip_y" type="float">0.0883612</tip_y>
                                <tip_z sid="tip_z" type="float">0</tip_z>
                              </technique>
                            </extra>
                          </node>
                          <extra>
                            <technique profile="blender">
                              <layer sid="layer" type="string">0</layer>
                              <roll sid="roll" type="float">-0.01397216</roll>
                              <tip_x sid="tip_x" type="float">0</tip_x>
                              <tip_y sid="tip_y" type="float">0.0883612</tip_y>
                              <tip_z sid="tip_z" type="float">0</tip_z>
                            </technique>
                          </extra>
                        </node>
                        <node id="Armature_001_weapon_bow" name="weapon_bow" sid="weapon_bow" type="JOINT">
                          <matrix sid="transform">-0.9980893 0.006520353 0.06144655 -0.09042776 -0.01324704 -0.9938751 -0.1097154 0.1807212 0.06035312 -0.1103176 0.9920717 -0.1018821 0 0 0 1</matrix>
                          <node id="Armature_001_prop-weapon_bow" name="prop-weapon_bow" sid="prop-weapon_bow" type="JOINT">
                            <matrix sid="transform">1 0 4.47035e-8 0 -1.83873e-9 1 2.97523e-10 2.38419e-7 -2.98023e-8 0 0.9999999 0 0 0 0 1</matrix>
                            <extra>
                              <technique profile="blender">
                                <layer sid="layer" type="string">0</layer>
                                <roll sid="roll" type="float">2.981174</roll>
                                <tip_x sid="tip_x" type="float">0</tip_x>
                                <tip_y sid="tip_y" type="float">0.0883612</tip_y>
                                <tip_z sid="tip_z" type="float">0</tip_z>
                              </technique>
                            </extra>
                          </node>
                          <extra>
                            <technique profile="blender">
                              <layer sid="layer" type="string">0</layer>
                              <roll sid="roll" type="float">2.981174</roll>
                              <tip_x sid="tip_x" type="float">0</tip_x>
                              <tip_y sid="tip_y" type="float">0.0883612</tip_y>
                              <tip_z sid="tip_z" type="float">0</tip_z>
                            </technique>
                          </extra>
                        </node>
                        <node id="Armature_001_ammo" name="ammo" sid="ammo" type="JOINT">
                          <matrix sid="transform">-0.999833 -0.008526027 -0.01616219 -0.1194485 -0.01176438 0.9771324 0.2123059 0.2116531 0.01398248 0.2124606 -0.9770697 -0.19529 0 0 0 1</matrix>
                          <node id="Armature_001_prop-ammo" name="prop-ammo" sid="prop-ammo" type="JOINT">
                            <matrix sid="transform">1 0 -1.17719e-6 1.19209e-7 0 1 0 2.38419e-7 1.19209e-6 0 1 -2.38419e-7 0 0 0 1</matrix>
                            <extra>
                              <technique profile="blender">
                                <layer sid="layer" type="string">0</layer>
                                <roll sid="roll" type="float">3.00678</roll>
                                <tip_x sid="tip_x" type="float">0</tip_x>
                                <tip_y sid="tip_y" type="float">0.0883612</tip_y>
                                <tip_z sid="tip_z" type="float">0</tip_z>
                              </technique>
                            </extra>
                          </node>
                          <extra>
                            <technique profile="blender">
                              <layer sid="layer" type="string">0</layer>
                              <roll sid="roll" type="float">3.006781</roll>
                              <tip_x sid="tip_x" type="float">0</tip_x>
                              <tip_y sid="tip_y" type="float">0.0883612</tip_y>
                              <tip_z sid="tip_z" type="float">0</tip_z>
                            </technique>
                          </extra>
                        </node>
                        <node id="Armature_001_weapon_L" name="weapon_L" sid="weapon_L" type="JOINT">
                          <matrix sid="transform">0.9927634 0.09340188 -0.07552857 -0.06953168 0.1013617 -0.9888034 0.1095147 0.1578641 -0.06444593 -0.1163778 -0.9911166 0.003906548 0 0 0 1</matrix>
                          <node id="Armature_001_prop-weapon_L" name="prop-weapon_L" sid="prop-weapon_L" type="JOINT">
                            <matrix sid="transform">1 0 -9.68575e-8 0 -2.30512e-10 1 7.50502e-9 0 1.11759e-7 0 1 0 0 0 0 1</matrix>
                            <extra>
                              <technique profile="blender">
                                <layer sid="layer" type="string">0</layer>
                                <roll sid="roll" type="float">-0.09365034</roll>
                                <tip_x sid="tip_x" type="float">0</tip_x>
                                <tip_y sid="tip_y" type="float">0.0883612</tip_y>
                                <tip_z sid="tip_z" type="float">0</tip_z>
                              </technique>
                            </extra>
                          </node>
                          <extra>
                            <technique profile="blender">
                              <layer sid="layer" type="string">0</layer>
                              <roll sid="roll" type="float">-0.09365022</roll>
                              <tip_x sid="tip_x" type="float">0</tip_x>
                              <tip_y sid="tip_y" type="float">0.0883612</tip_y>
                              <tip_z sid="tip_z" type="float">0</tip_z>
                            </technique>
                          </extra>
                        </node>
                        <extra>
                          <technique profile="blender">
                            <layer sid="layer" type="string">0</layer>
                            <roll sid="roll" type="float">-0.1659533</roll>
                            <tip_x sid="tip_x" type="float">0</tip_x>
                            <tip_y sid="tip_y" type="float">0.0883612</tip_y>
                            <tip_z sid="tip_z" type="float">0</tip_z>
                          </technique>
                        </extra>
                      </node>
                      <node id="Armature_001_shield_arm" name="shield_arm" sid="shield_arm" type="JOINT">
                        <matrix sid="transform">0.3592965 -0.9224801 0.1411956 0.1864982 -0.9332232 -0.3551601 0.05436143 0.4254775 -1.49012e-7 -0.1512988 -0.988488 0.04829931 0 0 0 1</matrix>
                        <node id="Armature_001_prop-shield_arm" name="prop-shield_arm" sid="prop-shield_arm" type="JOINT">
                          <matrix sid="transform">1 0 -9.83477e-7 4.76837e-7 7.24821e-10 1 5.84804e-10 1.3411e-7 8.9407e-7 0 1 3.57628e-7 0 0 0 1</matrix>
                          <extra>
                            <technique profile="blender">
                              <layer sid="layer" type="string">0</layer>
                              <roll sid="roll" type="float">-0.8919074</roll>
                              <tip_x sid="tip_x" type="float">0</tip_x>
                              <tip_y sid="tip_y" type="float">0.0883612</tip_y>
                              <tip_z sid="tip_z" type="float">0</tip_z>
                            </technique>
                          </extra>
                        </node>
                        <extra>
                          <technique profile="blender">
                            <layer sid="layer" type="string">0</layer>
                            <roll sid="roll" type="float">-0.8919066</roll>
                            <tip_x sid="tip_x" type="float">0</tip_x>
                            <tip_y sid="tip_y" type="float">0.0883612</tip_y>
                            <tip_z sid="tip_z" type="float">0</tip_z>
                          </technique>
                        </extra>
                      </node>
                      <extra>
                        <technique profile="blender">
                          <layer sid="layer" type="string">0</layer>
                          <roll sid="roll" type="float">-0.8982946</roll>
                          <tip_x sid="tip_x" type="float">0</tip_x>
                          <tip_y sid="tip_y" type="float">0.0883612</tip_y>
                          <tip_z sid="tip_z" type="float">0</tip_z>
                        </technique>
                      </extra>
                    </node>
                    <node id="Armature_001_prop-armpad_L" name="prop-armpad_L" sid="prop-armpad_L" type="JOINT">
                      <matrix sid="transform">0.9999993 0 0.001137942 -8.04663e-5 0 1 0 -0.08836145 -0.001137912 0 0.9999994 1.69277e-5 0 0 0 1</matrix>
                      <extra>
                        <technique profile="blender">
                          <layer sid="layer" type="string">0</layer>
                          <roll sid="roll" type="float">-0.352512</roll>
                          <tip_x sid="tip_x" type="float">0</tip_x>
                          <tip_y sid="tip_y" type="float">0.0883612</tip_y>
                          <tip_z sid="tip_z" type="float">0</tip_z>
                        </technique>
                      </extra>
                    </node>
                    <extra>
                      <technique profile="blender">
                        <layer sid="layer" type="string">0</layer>
                        <roll sid="roll" type="float">-0.3536499</roll>
                        <tip_x sid="tip_x" type="float">0</tip_x>
                        <tip_y sid="tip_y" type="float">0.0883612</tip_y>
                        <tip_z sid="tip_z" type="float">0</tip_z>
                      </technique>
                    </extra>
                  </node>
                  <node id="Armature_001_prop-shoulderpad_L" name="prop-shoulderpad_L" sid="prop-shoulderpad_L" type="JOINT">
                    <matrix sid="transform">0.2692875 0 0.9630598 0.05685139 0 1 0 -0.1974263 -0.9630597 0 0.2692876 0 0 0 0 1</matrix>
                    <extra>
                      <technique profile="blender">
                        <layer sid="layer" type="string">0</layer>
                        <roll sid="roll" type="float">0.01911115</roll>
                        <tip_x sid="tip_x" type="float">0</tip_x>
                        <tip_y sid="tip_y" type="float">0.0883612</tip_y>
                        <tip_z sid="tip_z" type="float">0</tip_z>
                      </technique>
                    </extra>
                  </node>
                  <extra>
                    <technique profile="blender">
                      <layer sid="layer" type="string">0</layer>
                      <roll sid="roll" type="float">-1.279032</roll>
                      <tip_x sid="tip_x" type="float">0</tip_x>
                      <tip_y sid="tip_y" type="float">0.0883612</tip_y>
                      <tip_z sid="tip_z" type="float">0</tip_z>
                    </technique>
                  </extra>
                </node>
                <node id="Armature_001_neck" name="neck" sid="neck" type="JOINT">
                  <matrix sid="transform">1 -2.37812e-7 -5.11278e-8 5.68434e-14 1.39219e-7 0.7319126 -0.6813983 0.8305252 1.99466e-7 0.6813984 0.7319128 -1.19209e-7 0 0 0 1</matrix>
                  <node id="Armature_001_head" name="head" sid="head" type="JOINT">
                    <matrix sid="transform">1 6.53872e-8 4.48497e-8 0 -7.63016e-8 0.9474068 0.3200322 0.185174 -2.1565e-8 -0.3200322 0.9474066 0 0 0 0 1</matrix>
                    <node id="Armature_001_helmet" name="helmet" sid="helmet" type="JOINT">
                      <matrix sid="transform">1 2.38194e-7 2.66277e-7 9.4758e-10 -2.55695e-7 -0.04337303 0.999059 -0.1011524 2.49519e-7 -0.999059 -0.04337313 -0.003999293 0 0 0 1</matrix>
                      <node id="Armature_001_prop-helmet" name="prop-helmet" sid="prop-helmet" type="JOINT">
                        <matrix sid="transform">1 0 7.27098e-9 -2.27374e-13 0 1 0 -3.72529e-9 -7.27098e-9 0 1 0 0 0 0 1</matrix>
                        <extra>
                          <technique profile="blender">
                            <layer sid="layer" type="string">0</layer>
                            <roll sid="roll" type="float">2.61929e-7</roll>
                            <tip_x sid="tip_x" type="float">0</tip_x>
                            <tip_y sid="tip_y" type="float">0.0883612</tip_y>
                            <tip_z sid="tip_z" type="float">0</tip_z>
                          </technique>
                        </extra>
                      </node>
                      <extra>
                        <technique profile="blender">
                          <layer sid="layer" type="string">0</layer>
                          <roll sid="roll" type="float">2.54658e-7</roll>
                          <tip_x sid="tip_x" type="float">0</tip_x>
                          <tip_y sid="tip_y" type="float">0.0883612</tip_y>
                          <tip_z sid="tip_z" type="float">0</tip_z>
                        </technique>
                      </extra>
                    </node>
                    <node id="Armature_001_prop-head" name="prop-head" sid="prop-head" type="JOINT">
                      <matrix sid="transform">1 0 2.8973e-8 0 0 1 0 -2.45869e-7 -2.8973e-8 0 1 0 0 0 0 1</matrix>
                      <extra>
                        <technique profile="blender">
                          <layer sid="layer" type="string">0</layer>
                          <roll sid="roll" type="float">3.0145e-7</roll>
                          <tip_x sid="tip_x" type="float">0</tip_x>
                          <tip_y sid="tip_y" type="float">0.0883612</tip_y>
                          <tip_z sid="tip_z" type="float">0</tip_z>
                        </technique>
                      </extra>
                    </node>
                    <extra>
                      <technique profile="blender">
                        <layer sid="layer" type="string">0</layer>
                        <roll sid="roll" type="float">2.72477e-7</roll>
                        <tip_x sid="tip_x" type="float">0</tip_x>
                        <tip_y sid="tip_y" type="float">0.0883612</tip_y>
                        <tip_z sid="tip_z" type="float">0</tip_z>
                      </technique>
                    </extra>
                  </node>
                  <node id="Armature_001_neck_guard" name="neck_guard" sid="neck_guard" type="JOINT">
                    <matrix sid="transform">-1 1.12481e-6 1.38957e-5 -2.58277e-8 1.37327e-5 0.2512292 0.9679276 -0.1547813 -2.40228e-6 0.9679272 -0.2512291 0.1264117 0 0 0 1</matrix>
                    <node id="Armature_001_prop-neck_guard" name="prop-neck_guard" sid="prop-neck_guard" type="JOINT">
                      <matrix sid="transform">1 0 -5.8264e-8 1.45519e-11 -5.68434e-14 1 0 4.47035e-8 5.82659e-8 0 1 2.38419e-7 0 0 0 1</matrix>
                      <extra>
                        <technique profile="blender">
                          <layer sid="layer" type="string">0</layer>
                          <roll sid="roll" type="float">3.141566</roll>
                          <tip_x sid="tip_x" type="float">0</tip_x>
                          <tip_y sid="tip_y" type="float">0.0883612</tip_y>
                          <tip_z sid="tip_z" type="float">0</tip_z>
                        </technique>
                      </extra>
                    </node>
                    <extra>
                      <technique profile="blender">
                        <layer sid="layer" type="string">0</layer>
                        <roll sid="roll" type="float">3.141566</roll>
                        <tip_x sid="tip_x" type="float">0</tip_x>
                        <tip_y sid="tip_y" type="float">0.0883612</tip_y>
                        <tip_z sid="tip_z" type="float">0</tip_z>
                      </technique>
                    </extra>
                  </node>
                  <extra>
                    <technique profile="blender">
                      <layer sid="layer" type="string">0</layer>
                      <roll sid="roll" type="float">2.96682e-7</roll>
                      <tip_x sid="tip_x" type="float">0</tip_x>
                      <tip_y sid="tip_y" type="float">0.0883612</tip_y>
                      <tip_z sid="tip_z" type="float">0</tip_z>
                    </technique>
                  </extra>
                </node>
                <node id="Armature_001_shoulder_R" name="shoulder_R" sid="shoulder_R" type="JOINT">
                  <matrix sid="transform">0.2876431 -0.9577377 6.03497e-7 -0.06797591 -0.9202884 -0.2763956 0.2769013 0.722307 -0.2651986 -0.07964929 -0.9608984 0.02024776 0 0 0 1</matrix>
                  <node id="Armature_001_arm_R" name="arm_R" sid="arm_R" type="JOINT">
                    <matrix sid="transform">0.5982796 0.8010551 0.01929033 -2.38419e-7 -0.8006493 0.5985907 -0.02549951 0.3783832 -0.03197352 -1.88949e-4 0.9994887 0 0 0 0 1</matrix>
                    <node id="Armature_001_forearm_R" name="forearm_R" sid="forearm_R" type="JOINT">
                      <matrix sid="transform">0.9266809 -0.0865511 0.365748 -1.19209e-7 -0.05684251 0.9296571 0.3640147 0.59254 -0.371526 -0.3581154 0.8565755 -8.3819e-9 0 0 0 1</matrix>
                      <node id="Armature_001_hand_R" name="hand_R" sid="hand_R" type="JOINT">
                        <matrix sid="transform">0.9160129 0.2099293 -0.3418333 -1.19209e-7 -0.2868796 0.9384404 -0.1924313 0.6158147 0.2803931 0.2743346 0.9198479 -1.19209e-7 0 0 0 1</matrix>
                        <node id="Armature_001_finger_R" name="finger_R" sid="finger_R" type="JOINT">
                          <matrix sid="transform">0.3113959 0.9498356 -0.0290748 -1.19209e-7 -0.9422581 0.3046555 -0.1390501 0.2098622 -0.1232169 0.0706956 0.9898586 -5.96046e-8 0 0 0 1</matrix>
                          <node id="Armature_001_fingertip_R" name="fingertip_R" sid="fingertip_R" type="JOINT">
                            <matrix sid="transform">0.333146 0.9422061 -0.0355186 -1.19209e-7 -0.9422666 0.3340477 0.02334798 0.1049315 0.03386353 0.0256897 0.9990963 0 0 0 0 1</matrix>
                            <extra>
                              <technique profile="blender">
                                <layer sid="layer" type="string">0</layer>
                                <roll sid="roll" type="float">-2.412628</roll>
                                <tip_x sid="tip_x" type="float">0</tip_x>
                                <tip_y sid="tip_y" type="float">0.0883612</tip_y>
                                <tip_z sid="tip_z" type="float">0</tip_z>
                              </technique>
                            </extra>
                          </node>
                          <extra>
                            <technique profile="blender">
                              <layer sid="layer" type="string">0</layer>
                              <roll sid="roll" type="float">-1.166866</roll>
                              <tip_x sid="tip_x" type="float">0</tip_x>
                              <tip_y sid="tip_y" type="float">0.0883612</tip_y>
                              <tip_z sid="tip_z" type="float">0</tip_z>
                            </technique>
                          </extra>
                        </node>
                        <node id="Armature_001_weapon_R" name="weapon_R" sid="weapon_R" type="JOINT">
                          <matrix sid="transform">0.9927574 -0.0934019 0.07552805 0.06953168 -0.1013614 -0.9888034 0.1095153 0.1578641 0.06445824 -0.1163778 -0.9911085 0.003906488 0 0 0 1</matrix>
                          <node id="Armature_001_prop-weapon_R" name="prop-weapon_R" sid="prop-weapon_R" type="JOINT">
                            <matrix sid="transform">1 0 1.11759e-7 1.19209e-7 0 1 0 1.49012e-8 -1.11759e-7 0 1 0 0 0 0 1</matrix>
                            <extra>
                              <technique profile="blender">
                                <layer sid="layer" type="string">0</layer>
                                <roll sid="roll" type="float">0.09365034</roll>
                                <tip_x sid="tip_x" type="float">0</tip_x>
                                <tip_y sid="tip_y" type="float">0.0883612</tip_y>
                                <tip_z sid="tip_z" type="float">0</tip_z>
                              </technique>
                            </extra>
                          </node>
                          <extra>
                            <technique profile="blender">
                              <layer sid="layer" type="string">0</layer>
                              <roll sid="roll" type="float">0.09365022</roll>
                              <tip_x sid="tip_x" type="float">0</tip_x>
                              <tip_y sid="tip_y" type="float">0.0883612</tip_y>
                              <tip_z sid="tip_z" type="float">0</tip_z>
                            </technique>
                          </extra>
                        </node>
                        <node id="Armature_001_projectile" name="projectile" sid="projectile" type="JOINT">
                          <matrix sid="transform">-0.9684273 -0.00652191 -0.249217 0.09186685 0.03377067 -0.9938752 -0.1052253 0.1697927 -0.2469989 -0.1103161 0.9627296 -0.02773529 0 0 0 1</matrix>
                          <node id="Armature_001_prop-projectile" name="prop-projectile" sid="prop-projectile" type="JOINT">
                            <matrix sid="transform">1 0 -9.23872e-7 0 0 1 0 -1.19209e-7 9.83477e-7 0 0.9999999 -1.19209e-7 0 0 0 1</matrix>
                            <extra>
                              <technique profile="blender">
                                <layer sid="layer" type="string">0</layer>
                                <roll sid="roll" type="float">-2.790789</roll>
                                <tip_x sid="tip_x" type="float">0</tip_x>
                                <tip_y sid="tip_y" type="float">0.0883612</tip_y>
                                <tip_z sid="tip_z" type="float">0</tip_z>
                              </technique>
                            </extra>
                          </node>
                          <extra>
                            <technique profile="blender">
                              <layer sid="layer" type="string">0</layer>
                              <roll sid="roll" type="float">-2.790788</roll>
                              <tip_x sid="tip_x" type="float">0</tip_x>
                              <tip_y sid="tip_y" type="float">0.0883612</tip_y>
                              <tip_z sid="tip_z" type="float">0</tip_z>
                            </technique>
                          </extra>
                        </node>
                        <extra>
                          <technique profile="blender">
                            <layer sid="layer" type="string">0</layer>
                            <roll sid="roll" type="float">0.1659532</roll>
                            <tip_x sid="tip_x" type="float">0</tip_x>
                            <tip_y sid="tip_y" type="float">0.0883612</tip_y>
                            <tip_z sid="tip_z" type="float">0</tip_z>
                          </technique>
                        </extra>
                      </node>
                      <extra>
                        <technique profile="blender">
                          <layer sid="layer" type="string">0</layer>
                          <roll sid="roll" type="float">0.8982948</roll>
                          <tip_x sid="tip_x" type="float">0</tip_x>
                          <tip_y sid="tip_y" type="float">0.0883612</tip_y>
                          <tip_z sid="tip_z" type="float">0</tip_z>
                        </technique>
                      </extra>
                    </node>
                    <node id="Armature_001_prop-armpad_R" name="prop-armpad_R" sid="prop-armpad_R" type="JOINT">
                      <matrix sid="transform">0.9995667 0 -0.0294387 7.98702e-5 4.37027e-10 1 1.60773e-10 -0.0883611 0.02943876 0 0.9995666 1.93119e-5 0 0 0 1</matrix>
                      <extra>
                        <technique profile="blender">
                          <layer sid="layer" type="string">0</layer>
                          <roll sid="roll" type="float">0.352512</roll>
                          <tip_x sid="tip_x" type="float">0</tip_x>
                          <tip_y sid="tip_y" type="float">0.0883612</tip_y>
                          <tip_z sid="tip_z" type="float">0</tip_z>
                        </technique>
                      </extra>
                    </node>
                    <extra>
                      <technique profile="blender">
                        <layer sid="layer" type="string">0</layer>
                        <roll sid="roll" type="float">0.381955</roll>
                        <tip_x sid="tip_x" type="float">0</tip_x>
                        <tip_y sid="tip_y" type="float">0.0883612</tip_y>
                        <tip_z sid="tip_z" type="float">0</tip_z>
                      </technique>
                    </extra>
                  </node>
                  <node id="Armature_001_prop-shoulderpad_R" name="prop-shoulderpad_R" sid="prop-shoulderpad_R" type="JOINT">
                    <matrix sid="transform">0.2692876 0 -0.9630597 -0.05685067 4.29981e-10 1 -1.8712e-9 -0.1974263 0.9630597 0 0.2692876 -1.19209e-7 0 0 0 1</matrix>
                    <extra>
                      <technique profile="blender">
                        <layer sid="layer" type="string">0</layer>
                        <roll sid="roll" type="float">-0.01911103</roll>
                        <tip_x sid="tip_x" type="float">0</tip_x>
                        <tip_y sid="tip_y" type="float">0.0883612</tip_y>
                        <tip_z sid="tip_z" type="float">0</tip_z>
                      </technique>
                    </extra>
                  </node>
                  <extra>
                    <technique profile="blender">
                      <layer sid="layer" type="string">0</layer>
                      <roll sid="roll" type="float">1.279032</roll>
                      <tip_x sid="tip_x" type="float">0</tip_x>
                      <tip_y sid="tip_y" type="float">0.0883612</tip_y>
                      <tip_z sid="tip_z" type="float">0</tip_z>
                    </technique>
                  </extra>
                </node>
                <node id="Armature_001_cape" name="cape" sid="cape" type="JOINT">
                  <matrix sid="transform">1 0 -1.42061e-6 -1.31292e-7 0 1 0 -0.6874199 1.42061e-6 0 0.9999999 0.3761883 0 0 0 1</matrix>
                  <extra>
                    <technique profile="blender">
                      <layer sid="layer" type="string">0</layer>
                      <roll sid="roll" type="float">-1.16824e-6</roll>
                      <tip_x sid="tip_x" type="float">0</tip_x>
                      <tip_y sid="tip_y" type="float">0.0883612</tip_y>
                      <tip_z sid="tip_z" type="float">0</tip_z>
                    </technique>
                  </extra>
                </node>
                <node id="Armature_001_prop-back" name="prop-back" sid="prop-back" type="JOINT">
                  <matrix sid="transform">1 0 5.2444e-8 -1.69274e-7 0 1 0 -0.1452996 -5.2444e-8 0 0.9999999 0.4850173 0 0 0 1</matrix>
                  <extra>
                    <technique profile="blender">
                      <layer sid="layer" type="string">0</layer>
                      <roll sid="roll" type="float">3.0481e-7</roll>
                      <tip_x sid="tip_x" type="float">0</tip_x>
                      <tip_y sid="tip_y" type="float">0.0883612</tip_y>
                      <tip_z sid="tip_z" type="float">0</tip_z>
                    </technique>
                  </extra>
                </node>
                <node id="Armature_001_prop-quiver_back" name="prop-quiver_back" sid="prop-quiver_back" type="JOINT">
                  <matrix sid="transform">1 0 -2.52366e-7 -0.1699778 0 1 0 -0.3991632 2.52366e-7 0 0.9999999 0.6019459 0 0 0 1</matrix>
                  <extra>
                    <technique profile="blender">
                      <layer sid="layer" type="string">0</layer>
                      <tip_x sid="tip_x" type="float">0</tip_x>
                      <tip_y sid="tip_y" type="float">0.0883612</tip_y>
                      <tip_z sid="tip_z" type="float">0</tip_z>
                    </technique>
                  </extra>
                </node>
                <node id="Armature_001_cape1" name="cape1" sid="cape1" type="JOINT">
                  <matrix sid="transform">1 1.46101e-7 7.85357e-8 1.0323e-7 9.98066e-8 -0.9081613 0.4186202 0.7078459 1.32484e-7 -0.4186202 -0.9081618 -0.2957832 0 0 0 1</matrix>
                  <node id="Armature_001_cape2" name="cape2" sid="cape2" type="JOINT">
                    <matrix sid="transform">1 -4.54028e-8 -4.36308e-9 0 4.54028e-8 0.9817001 0.1904332 0.6693079 -4.36294e-9 -0.1904332 0.9817003 0 0 0 0 1</matrix>
                    <node id="Armature_001_cape3" name="cape3" sid="cape3" type="JOINT">
                      <matrix sid="transform">1 2.56352e-8 -1.3822e-9 0 -2.56352e-8 0.9942027 -0.1075218 0.6621921 -1.38217e-9 0.1075218 0.9942027 5.96046e-8 0 0 0 1</matrix>
                      <extra>
                        <technique profile="blender">
                          <layer sid="layer" type="string">0</layer>
                          <roll sid="roll" type="float">-2.22342e-7</roll>
                          <tip_x sid="tip_x" type="float">0</tip_x>
                          <tip_y sid="tip_y" type="float">0.0883612</tip_y>
                          <tip_z sid="tip_z" type="float">0</tip_z>
                        </technique>
                      </extra>
                    </node>
                    <extra>
                      <technique profile="blender">
                        <layer sid="layer" type="string">0</layer>
                        <roll sid="roll" type="float">-2.48012e-7</roll>
                        <tip_x sid="tip_x" type="float">0</tip_x>
                        <tip_y sid="tip_y" type="float">0.0883612</tip_y>
                        <tip_z sid="tip_z" type="float">0</tip_z>
                      </technique>
                    </extra>
                  </node>
                  <extra>
                    <technique profile="blender">
                      <layer sid="layer" type="string">0</layer>
                      <roll sid="roll" type="float">-2.0247e-7</roll>
                      <tip_x sid="tip_x" type="float">0</tip_x>
                      <tip_y sid="tip_y" type="float">0.0883612</tip_y>
                      <tip_z sid="tip_z" type="float">0</tip_z>
                    </technique>
                  </extra>
                </node>
                <extra>
                  <technique profile="blender">
                    <layer sid="layer" type="string">0</layer>
                    <roll sid="roll" type="float">2.52366e-7</roll>
                    <tip_x sid="tip_x" type="float">0</tip_x>
                    <tip_y sid="tip_y" type="float">0.0883612</tip_y>
                    <tip_z sid="tip_z" type="float">0</tip_z>
                  </technique>
                </extra>
              </node>
              <extra>
                <technique profile="blender">
                  <layer sid="layer" type="string">0</layer>
                  <roll sid="roll" type="float">3.20698e-7</roll>
                  <tip_x sid="tip_x" type="float">0</tip_x>
                  <tip_y sid="tip_y" type="float">0.0883612</tip_y>
                  <tip_z sid="tip_z" type="float">0</tip_z>
                </technique>
              </extra>
            </node>
            <extra>
              <technique profile="blender">
                <layer sid="layer" type="string">0</layer>
                <roll sid="roll" type="float">3.26435e-7</roll>
                <tip_x sid="tip_x" type="float">0</tip_x>
                <tip_y sid="tip_y" type="float">0.0883612</tip_y>
                <tip_z sid="tip_z" type="float">0</tip_z>
              </technique>
            </extra>
          </node>
          <node id="Armature_001_thigh_L" name="thigh_L" sid="thigh_L" type="JOINT">
            <matrix sid="transform">0.9971161 0.06153154 -0.04446615 0.225766 0.0579242 -0.995245 -0.07830624 0.121896 -0.04907824 0.07550478 -0.9959405 0.02428883 0 0 0 1</matrix>
            <node id="Armature_001_leg_L" name="leg_L" sid="leg_L" type="JOINT">
              <matrix sid="transform">0.9997614 0.01942159 0.009996555 0 -0.01838593 0.9953136 -0.09493564 1.067796 -0.01179352 0.0947292 0.9954333 -7.45058e-9 0 0 0 1</matrix>
              <node id="Armature_001_foot_L" name="foot_L" sid="foot_L" type="JOINT">
                <matrix sid="transform">0.9969741 -0.002517409 -0.07769288 0 0.07773367 0.03228906 0.9964513 1.134662 1.58034e-7 -0.9994755 0.03238684 -1.49012e-8 0 0 0 1</matrix>
                <extra>
                  <technique profile="blender">
                    <layer sid="layer" type="string">0</layer>
                    <roll sid="roll" type="float">-0.4389787</roll>
                    <tip_x sid="tip_x" type="float">0</tip_x>
                    <tip_y sid="tip_y" type="float">0.0883612</tip_y>
                    <tip_z sid="tip_z" type="float">0</tip_z>
                  </technique>
                </extra>
              </node>
              <extra>
                <technique profile="blender">
                  <layer sid="layer" type="string">0</layer>
                  <roll sid="roll" type="float">-0.1059908</roll>
                  <tip_x sid="tip_x" type="float">0</tip_x>
                  <tip_y sid="tip_y" type="float">0.0883612</tip_y>
                  <tip_z sid="tip_z" type="float">0</tip_z>
                </technique>
              </extra>
